5.093904e-002;3.961258e-002;2.626922e-001;2.995381e-002;4.959473e-002;5.321251e-002;3.336075e-001;2.458616e-002;3.458999e-002;5.945666e-002;4.609608e-002;1.565871e-002
2.855886e-002;3.717128e-002;2.651745e-001;2.483899e-002;4.408049e-002;4.928436e-002;3.618137e-001;2.865765e-002;3.401721e-002;6.604546e-002;4.697068e-002;1.338672e-002
2.563505e-002;3.553979e-002;2.558616e-001;1.956853e-002;3.617814e-002;4.881531e-002;3.897354e-001;2.571949e-002;3.060940e-002;7.394204e-002;4.632065e-002;1.207467e-002
5.558981e-002;2.911362e-002;1.583552e-001;2.879183e-002;6.058172e-002;4.044901e-002;4.300300e-001;2.179780e-002;3.016295e-002;8.318194e-002;4.821937e-002;1.372678e-002
6.073225e-002;4.300890e-002;1.883554e-001;3.862653e-002;9.962097e-002;3.841404e-002;3.154255e-001;4.554414e-002;3.010778e-002;5.974683e-002;5.735443e-002;2.306325e-002
2.159885e-002;3.181525e-002;3.230038e-001;2.579239e-002;1.192905e-001;4.713417e-002;2.619838e-001;2.233149e-002;2.879472e-002;4.791507e-002;4.572381e-002;2.461622e-002
1.616865e-002;3.205783e-002;3.231796e-001;3.189199e-002;1.194243e-001;5.568687e-002;2.604474e-001;2.253255e-002;2.600515e-002;4.344906e-002;4.567699e-002;2.347966e-002
1.650304e-002;3.248256e-002;3.139658e-001;4.503087e-002;1.219379e-001;5.968023e-002;2.241310e-001;2.855236e-002;3.188601e-002;4.714211e-002;5.581665e-002;2.287147e-002
4.986222e-002;3.666978e-002;3.150370e-001;5.831425e-002;1.272025e-001;6.361017e-002;1.422234e-001;3.039293e-002;2.663538e-002;6.090056e-002;6.566054e-002;2.349117e-002
9.399504e-002;4.509936e-002;2.852619e-001;7.525679e-002;1.418933e-001;5.991628e-002;7.287613e-002;1.974421e-002;3.191521e-002;7.927679e-002;7.049080e-002;2.427416e-002
9.884675e-002;5.670675e-002;2.434300e-001;6.770416e-002;1.384671e-001;4.284862e-002;1.446171e-001;2.463857e-002;2.884415e-002;6.901269e-002;5.906159e-002;2.582262e-002
8.279197e-002;5.842541e-002;2.480500e-001;7.257168e-002;1.190609e-001;4.407760e-002;1.661358e-001;3.256623e-002;3.503006e-002;6.174588e-002;5.678687e-002;2.275760e-002
